1_Model/EFForTS-LGraf/output/patch-id-raster.asc
NCOLS 100
NROWS 100
XLLCORNER 238244.58
YLLCORNER 9789775.28
CELLSIZE 50
NODATA_VALUE NaN
[rows 0 to 42 of 100, columns 0 to 95 of 100]
285 285 41 41 41 41 58 58 542 51 51 570 -1 -1 -1 -1 -1 -1 -1 -1 -1 -1 463 463 463 463 463 463 463 463 463 463 463 463 463 463 322 322 322 322 532 532 80 80 80 80 475 114 114 489 113 -1 568 112 112 112 503 265 265 265 265 250 250 250 250 250 250 250 250 483 483 483 483 294 294 294 294 126 126 126 524 524 524 179 179 467 467 467 467 467 467 467 467 467 467 467
243 243 472 41 41 41 58 58 58 51 51 51 -1 -1 -1 -1 -1 -1 -1 -1 -1 -1 220 220 220 463 463 463 463 463 463 463 463 463 463 463 322 322 322 322 532 80 80 80 80 80 175 114 114 113 113 -1 22 22 22 139 139 265 265 265 265 250 250 250 250 250 250 250 250 483 483 373 373 294 294 294 294 126 126 126 524 76 76 179 179 179 467 467 467 467 184 467 467 467 467 467
472 472 84 472 41 -1 -1 -1 -1 50 50 553 -1 -1 -1 -1 -1 -1 -1 -1 -1 -1 220 220 220 463 463 463 463 463 463 463 463 463 463 463 322 322 322 322 532 80 80 80 459 80 175 114 114 540 -1 245 22 22 22 139 139 139 265 265 265 250 250 250 250 250 250 250 250 483 483 483 483 294 294 294 294 507 126 126 76 76 76 87 87 520 77 184 184 184 184 467 467 467 467 467
283 283 84 84 472 59 1 1 1 -1 561 78 -1 -1 -1 -1 -1 -1 -1 -1 -1 -1 220 220 463 463 463 463 463 463 463 463 463 463 463 463 322 463 463 463 248 248 248 248 459 459 459 -1 -1 -1 541 245 22 22 22 22 320 320 141 141 141 250 250 250 250 250 250 250 250 483 483 483 374 374 374 372 372 372 126 126 76 76 76 87 87 520 77 184 184 184 184 467 467 467 467 467
283 242 59 59 59 59 1 1 1 79 -1 -1 481 -1 -1 -1 -1 -1 -1 -1 -1 -1 463 463 463 463 463 463 463 463 463 463 463 463 463 463 463 463 396 396 248 248 248 248 459 246 46 46 46 46 46 194 22 22 22 22 140 140 141 141 141 250 250 250 250 250 250 250 496 483 483 483 374 374 374 486 486 486 88 88 486 74 74 74 74 520 -1 504 184 184 184 467 467 467 439 467
283 242 242 59 59 59 1 1 1 79 25 25 25 481 25 60 60 219 514 394 394 394 394 463 463 463 463 463 463 416 416 463 463 463 463 463 463 463 396 396 248 248 248 248 459 246 46 46 46 46 46 194 194 194 247 247 321 140 312 413 413 250 250 250 250 250 250 496 250 496 496 375 486 486 486 486 486 486 486 486 371 -1 74 -1 -1 -1 504 504 504 257 538 467 467 467 439 467
472 242 242 59 59 59 1 1 1 551 25 25 25 25 481 218 60 219 514 394 394 394 394 463 463 463 463 463 463 416 416 463 463 463 463 463 463 463 396 396 275 275 275 275 459 246 46 46 46 46 46 52 52 378 247 247 321 404 312 202 208 250 250 250 21 21 496 21 496 496 496 375 375 486 486 486 486 486 88 88 371 170 -1 547 75 256 86 86 86 538 538 258 258 467 447 447
472 389 389 85 85 85 1 1 1 174 25 25 25 481 25 218 218 218 218 394 394 394 394 394 463 223 223 463 463 416 416 416 463 463 463 463 463 463 396 396 275 275 275 275 447 382 46 46 46 46 52 52 52 378 247 247 36 404 404 202 208 208 206 206 21 496 21 21 496 496 375 375 375 299 299 299 299 230 230 230 230 170 438 -1 75 256 86 86 86 86 258 258 258 258 447 447
472 389 335 85 85 221 221 174 174 174 25 25 25 481 25 213 213 214 214 214 214 161 161 463 463 223 223 223 223 223 415 415 415 463 463 463 463 463 463 463 275 275 275 275 382 447 46 46 46 46 52 52 52 487 487 487 487 487 36 487 -1 205 -1 456 456 21 21 21 266 266 375 375 375 299 299 299 299 230 230 230 230 296 169 169 525 256 86 86 86 86 258 258 258 258 447 447
472 389 335 335 564 221 221 244 244 244 481 481 481 481 552 213 213 214 214 214 161 161 161 463 463 223 223 223 223 223 415 415 415 463 447 447 463 463 463 447 275 447 275 447 382 447 192 447 192 52 52 52 487 193 193 193 36 36 487 36 2 -1 567 -1 21 21 21 441 442 266 447 447 447 299 299 299 299 230 230 297 296 296 169 169 525 525 86 86 86 86 447 258 258 258 447 447
472 472 335 335 336 336 282 244 244 -1 -1 -1 481 -1 -1 -1 -1 -1 -1 395 145 145 145 145 463 223 223 223 223 223 415 415 415 447 447 447 463 447 447 447 447 447 447 447 447 382 447 192 447 447 447 447 407 193 193 193 36 36 36 36 2 3 3 3 21 21 21 441 442 443 447 447 447 447 447 297 297 297 297 297 296 296 447 171 525 171 171 447 447 447 447 447 447 447 447 447
390 390 390 390 336 336 282 244 244 -1 -1 -1 481 -1 -1 -1 -1 -1 -1 395 145 145 145 145 138 138 138 138 259 259 259 447 447 447 447 447 447 447 447 447 447 447 447 447 408 408 330 330 330 313 313 313 447 193 487 207 207 207 207 203 204 3 3 3 249 249 249 444 444 443 447 447 447 447 447 447 297 297 297 297 298 298 447 171 171 525 171 447 447 447 447 447 447 447 447 447
390 390 390 390 336 336 495 284 284 -1 -1 -1 481 -1 -1 -1 -1 -1 -1 395 395 144 144 145 138 138 138 138 259 259 458 417 417 447 447 447 447 447 447 447 447 447 447 447 408 408 330 330 330 313 313 313 447 429 429 207 207 207 207 521 204 3 3 545 380 380 447 444 444 447 447 447 447 447 447 447 297 297 297 297 298 298 447 171 171 171 171 447 447 447 447 447 447 447 447 447
390 390 390 390 336 449 352 352 284 -1 -1 -1 481 -1 -1 -1 -1 -1 -1 425 395 144 144 144 138 138 138 458 458 458 295 295 295 447 447 447 447 447 447 447 447 447 447 447 447 447 330 330 330 331 331 314 447 429 429 207 207 207 207 379 209 555 158 158 158 380 447 444 444 447 447 447 447 447 447 447 447 447 447 447 447 447 447 171 447 447 447 447 447 447 447 447 447 447 447 447
390 390 390 390 449 449 352 352 449 -1 -1 449 -1 -1 -1 -1 -1 -1 -1 425 425 492 53 53 138 138 -1 414 414 295 295 295 295 440 447 447 447 447 447 447 447 447 447 447 447 447 330 330 330 331 331 314 447 429 429 207 447 379 379 379 209 209 158 158 447 380 447 447 447 447 447 447 447 447 447 447 447 447 447 447 447 447 447 447 447 447 447 447 447 447 447 447 447 447 447 447
390 390 390 390 449 449 352 449 449 -1 449 -1 -1 -1 -1 -1 -1 -1 -1 103 103 103 53 53 -1 -1 414 414 414 295 295 295 295 440 440 447 447 447 447 447 447 447 447 447 447 447 447 447 447 331 431 431 431 447 430 447 447 447 447 447 381 381 158 158 447 447 447 447 447 447 447 447 447 447 447 447 447 447 447 447 447 447 447 447 447 447 447 447 447 447 447 447 447 447 447 447
390 449 449 449 449 449 449 449 449 449 -1 -1 -1 -1 -1 -1 -1 -1 550 103 103 103 262 -1 17 17 17 17 458 295 295 295 295 440 440 440 447 447 447 447 447 447 447 447 447 447 447 447 447 447 431 431 431 430 447 447 447 447 447 447 381 381 447 447 447 447 447 447 447 447 447 447 447 447 447 447 447 447 447 447 447 447 447 447 447 447 447 447 447 447 447 447 447 447 447 447
449 449 454 449 449 449 449 406 449 449 -1 -1 -1 -1 -1 -1 -1 -1 550 103 103 103 262 -1 17 17 17 17 345 345 345 353 353 353 447 447 447 447 447 447 447 447 447 447 447 447 447 447 447 447 447 447 431 447 447 447 447 447 447 447 447 447 447 447 447 447 447 447 447 447 447 447 447 447 447 447 447 447 447 447 447 447 447 447 447 447 447 447 447 447 447 447 447 447 447 447
454 454 454 454 454 454 454 454 454 454 452 452 452 452 452 399 399 399 263 263 263 263 -1 159 159 160 160 160 345 345 345 353 353 353 447 447 447 447 447 447 447 447 447 447 447 447 447 447 447 447 447 447 447 447 447 447 447 447 447 447 447 447 447 447 447 447 447 447 447 447 447 447 447 447 447 447 447 447 447 447 447 447 447 447 447 447 447 447 447 447 447 447 447 447 447 447
454 454 454 454 454 454 454 454 454 454 452 452 452 452 452 399 399 399 263 263 263 452 317 317 261 261 482 482 345 345 345 345 447 447 447 447 447 447 447 447 447 447 447 447 447 447 447 447 447 447 447 447 447 447 447 447 447 447 447 447 447 447 447 447 447 447 447 447 447 447 447 447 447 447 447 447 447 447 447 447 447 447 447 447 447 447 447 447 447 447 447 447 447 447 447 447
454 454 454 454 454 454 454 454 454 454 454 454 454 452 452 452 452 399 263 263 452 452 354 310 310 261 344 344 345 345 345 345 447 447 447 447 447 447 447 447 447 447 447 447 447 447 447 447 447 447 447 447 447 447 447 447 447 447 447 447 447 447 447 447 447 447 447 447 447 447 447 447 447 447 447 447 447 447 447 447 447 447 447 447 447 447 447 447 447 447 447 447 447 447 447 447
454 454 454 454 454 454 454 454 454 454 454 454 454 454 452 452 452 452 452 452 452 354 354 310 310 558 344 344 447 447 447 447 447 447 447 447 447 447 447 447 447 447 447 447 447 447 447 447 447 447 447 447 447 447 447 447 447 447 447 447 447 447 447 447 447 447 447 447 447 447 447 447 447 447 447 447 447 447 447 447 447 447 447 447 447 447 447 447 447 447 447 447 447 447 447 447
454 454 454 454 454 454 454 454 454 454 454 454 136 136 548 452 -1 -1 -1 452 452 -1 -1 -1 -1 -1 -1 -1 -1 -1 426 426 426 447 447 447 447 447 447 447 447 447 447 447 447 447 447 447 447 447 447 447 447 447 447 447 447 447 447 447 447 447 447 447 447 447 447 447 447 447 447 447 447 447 447 447 447 447 447 447 447 447 447 447 447 447 447 447 447 447 447 447 447 447 447 447
454 454 454 454 454 454 454 454 454 454 454 454 136 136 548 -1 548 -1 -1 452 452 -1 -1 -1 -1 -1 -1 -1 -1 -1 426 426 426 447 447 447 447 447 447 447 447 447 447 447 447 447 447 447 447 447 447 447 447 447 447 447 447 447 447 447 447 447 447 447 447 447 447 447 447 447 447 447 447 447 447 447 447 447 447 447 447 447 447 447 447 447 447 447 447 447 447 447 447 447 447 447
454 454 454 454 454 454 454 454 454 454 454 34 34 34 34 -1 -1 485 -1 452 -1 -1 -1 -1 -1 -1 -1 -1 -1 -1 426 426 426 447 447 447 447 447 447 447 447 447 447 447 447 447 447 447 447 447 447 447 447 447 447 447 447 447 447 447 447 447 447 447 447 447 447 447 447 447 447 447 447 447 447 447 447 447 447 447 447 447 447 447 447 447 447 447 447 447 447 447 447 447 447 447
454 454 454 454 454 454 454 402 324 324 324 34 34 34 34 -1 -1 -1 485 367 -1 -1 -1 -1 -1 -1 -1 -1 -1 -1 447 447 447 447 447 447 447 447 447 447 447 447 447 447 447 447 447 447 447 447 447 447 447 447 447 447 447 447 447 447 447 447 447 447 447 447 447 447 447 447 447 447 447 447 447 447 447 447 447 447 447 447 447 447 447 447 447 447 447 447 447 447 447 447 447 447
454 454 454 454 454 454 454 402 324 324 324 34 34 34 34 -1 -1 -1 485 367 -1 -1 -1 -1 -1 -1 -1 -1 -1 -1 369 369 369 447 447 447 447 447 447 447 447 447 447 447 447 447 447 447 447 447 447 447 447 447 447 447 447 447 447 447 447 447 447 447 447 447 447 447 447 447 447 447 447 447 447 447 447 447 447 447 447 447 447 447 447 447 447 447 447 447 447 447 447 447 447 447
454 454 454 454 454 454 454 402 402 324 324 34 34 34 34 -1 -1 -1 485 94 -1 -1 -1 -1 -1 -1 -1 -1 -1 -1 447 369 369 447 447 447 447 447 447 447 447 447 447 447 447 447 447 447 447 447 447 447 447 447 447 447 447 447 447 447 447 447 447 447 447 447 447 447 447 447 447 447 447 447 447 447 447 447 447 447 447 447 447 447 447 447 447 447 447 447 447 447 447 447 447 447
454 454 454 454 454 454 454 402 402 402 528 34 34 34 34 34 109 485 -1 94 -1 -1 -1 -1 -1 -1 -1 -1 -1 -1 447 447 447 447 447 447 447 447 447 447 447 447 447 447 447 447 447 447 447 447 447 447 447 447 447 447 447 447 447 447 447 447 447 447 447 447 447 447 447 447 447 447 447 447 447 447 447 447 447 447 447 447 447 447 447 447 447 447 447 447 447 447 447 447 447 447
454 454 454 454 454 454 454 121 121 121 121 121 110 110 110 54 109 105 -1 94 -1 -1 -1 -1 -1 -1 -1 -1 -1 -1 447 447 447 447 447 447 447 447 447 447 447 447 447 447 447 447 447 447 447 447 447 447 447 447 447 447 447 447 447 447 447 447 447 447 447 447 447 447 447 447 447 447 447 447 447 447 447 447 447 447 447 447 447 447 447 447 447 447 447 447 447 447 447 447 447 447
454 454 454 454 325 325 325 121 121 121 121 121 110 110 110 54 109 -1 95 95 -1 -1 -1 -1 -1 -1 -1 -1 -1 -1 447 447 447 447 447 447 447 447 447 447 447 447 447 447 447 447 447 447 447 447 447 447 447 447 447 447 447 447 447 447 447 447 447 447 447 447 447 447 447 447 447 447 447 447 447 447 447 447 447 447 447 447 447 447 447 447 447 447 447 447 447 447 447 447 447 447
454 454 454 454 454 325 325 121 121 121 121 121 108 108 108 54 -1 111 95 95 -1 -1 -1 -1 -1 -1 -1 -1 -1 -1 447 447 447 447 447 447 447 447 447 447 447 447 447 447 447 447 447 447 447 447 447 447 447 447 447 447 447 447 447 447 447 447 447 447 447 447 447 447 447 447 447 447 447 447 447 447 447 447 447 447 447 447 447 447 447 447 447 447 447 447 447 447 447 447 447 447
454 454 454 454 454 325 325 121 121 121 121 121 108 108 108 -1 111 111 95 95 -1 -1 -1 -1 -1 -1 -1 -1 -1 -1 447 447 447 447 447 447 447 447 447 447 447 447 447 447 447 447 447 447 447 447 447 447 447 447 447 447 447 447 447 447 447 447 447 447 447 447 447 447 447 447 447 447 447 447 447 447 447 447 447 447 447 447 447 447 447 447 447 447 447 447 447 447 447 447 447 447
454 454 454 454 454 454 454 454 121 121 121 121 137 137 55 55 502 111 311 95 96 96 96 -1 -1 -1 -1 -1 -1 -1 447 447 447 447 447 447 447 447 447 447 447 447 447 447 447 447 447 447 447 447 447 447 447 447 447 447 447 447 447 447 447 447 447 447 447 447 447 447 447 447 447 447 447 447 447 447 447 447 447 447 447 447 447 447 447 447 447 447 447 447 447 447 447 447 447 447
454 454 454 454 454 454 454 454 121 121 121 121 137 137 55 502 55 111 311 311 96 96 96 447 447 447 447 447 447 447 447 447 447 447 447 447 447 447 447 447 447 447 447 447 447 447 447 364 364 447 447 447 447 447 447 447 447 447 447 447 447 447 447 447 447 447 447 447 447 447 447 447 447 447 447 447 447 447 447 447 447 447 447 447 447 447 447 447 447 447 447 447 447 447 447 447
454 454 454 454 454 454 454 454 454 454 300 300 137 137 55 55 502 334 311 311 96 96 447 447 447 447 447 447 447 447 447 447 447 447 447 447 447 447 447 447 447 153 153 447 447 447 363 466 -1 -1 -1 -1 -1 -1 447 447 447 447 447 447 447 447 447 447 447 447 447 447 447 447 447 447 447 447 447 447 447 447 447 447 447 447 447 447 447 447 447 447 447 447 447 447 447 447 447 447
454 454 454 454 454 454 454 454 454 454 454 454 137 137 334 502 334 334 104 104 104 104 447 447 447 447 447 447 447 447 447 447 447 447 447 447 447 153 153 153 153 153 153 274 274 274 363 363 -1 -1 -1 -1 -1 447 447 447 447 447 447 447 447 447 447 447 447 447 447 447 447 447 447 447 447 447 447 447 447 447 447 447 447 447 447 447 447 447 447 447 447 447 447 447 447 447 447 447
454 454 454 454 454 454 454 454 454 368 368 368 368 309 502 502 334 334 104 104 104 104 447 447 447 447 447 447 447 447 447 447 447 447 447 447 447 153 153 153 153 153 153 274 274 274 363 363 -1 -1 -1 -1 447 -1 -1 447 447 447 447 447 447 447 447 447 447 447 447 447 447 447 447 447 447 447 447 447 447 447 447 447 447 447 447 447 447 447 447 447 447 447 447 447 447 447 447 447
454 454 454 454 454 454 454 454 368 368 368 368 368 309 502 502 334 334 366 104 104 104 447 447 447 447 447 447 447 447 447 447 447 447 447 447 447 153 153 153 153 153 153 274 274 274 363 363 -1 447 447 447 -1 -1 -1 447 447 447 447 447 447 447 447 447 447 447 447 447 447 447 447 447 447 447 447 447 447 447 447 447 447 447 447 447 447 447 447 447 447 447 447 447 447 447 447 447
454 454 454 454 454 454 454 454 368 368 368 368 368 566 502 461 461 461 366 447 447 447 447 447 447 447 447 447 447 447 447 447 447 447 447 447 447 153 153 153 153 153 153 531 531 363 363 447 447 -1 -1 -1 -1 -1 -1 447 447 447 447 447 447 447 447 447 447 447 447 447 447 447 447 447 447 447 447 447 447 447 447 447 447 447 447 447 447 447 447 447 447 447 447 447 447 447 447 447
454 454 454 454 454 454 454 454 454 454 454 454 306 306 306 461 461 461 461 435 435 447 447 447 447 447 447 447 447 447 447 447 447 447 447 447 447 153 153 153 153 153 153 -1 -1 447 447 347 447 447 447 447 -1 -1 -1 447 447 447 447 447 447 447 447 447 447 447 447 447 447 447 447 447 447 447 447 447 447 447 447 447 447 447 447 447 447 447 447 447 447 447 447 447 447 447 447 447
454 454 454 454 454 454 454 454 454 454 454 454 306 306 306 305 461 461 461 435 435 447 447 447 447 447 447 447 447 447 447 447 447 447 447 447 447 153 153 153 153 506 506 153 347 347 447 347 447 447 447 447 -1 -1 -1 447 447 447 447 447 447 447 447 447 447 447 447 447 447 447 447 447 447 447 447 447 447 447 447 447 447 447 447 447 447 447 447 447 447 447 447 447 447 447 447 447
454 454 454 454 454 454 454 454 454 454 454 183 183 183 453 453 461 461 461 435 435 447 447 447 447 447 447 447 447 447 447 447 447 447 447 447 447 447 447 447 506 506 506 506 347 347 447 347 447 447 447 447 447 447 447 447 447 447 447 447 447 447 447 447 447 447 447 447 447 447 447 447 447 447 447 447 447 447 447 447 447 447 447 447 447 447 447 447 447 447 447 447 447 447 447 447
