1_Model/EFForTS-LGraf/output/patch-id-raster.asc
NCOLS 100
NROWS 100
XLLCORNER 238244.58
YLLCORNER 9789775.28
CELLSIZE 50
NODATA_VALUE NaN
[rows 43 to 85 of 100, columns 0 to 95 of 100]
454 454 454 454 454 454 454 454 454 454 183 183 183 183 453 305 264 264 264 435 435 447 447 447 447 447 447 447 447 447 447 447 447 447 447 447 447 447 447 447 506 506 506 506 347 347 347 447 -1 -1 447 447 447 447 447 447 447 447 447 447 447 447 447 447 447 447 447 447 447 447 447 447 447 447 447 447 447 447 447 447 447 447 447 447 447 447 447 447 447 447 447 447 447 447 447 447
454 454 454 454 454 454 454 454 454 454 183 183 183 183 92 461 92 67 67 67 127 127 127 127 447 447 447 447 447 447 447 447 447 447 447 447 447 447 -1 -1 -1 -1 -1 -1 -1 -1 -1 447 -1 -1 447 447 447 447 447 447 447 447 447 447 447 447 447 447 447 447 447 447 447 447 447 447 447 447 447 447 447 447 447 447 447 447 447 447 447 447 447 447 447 447 447 447 447 447 447 447
454 454 454 454 454 454 454 454 454 454 183 183 183 183 92 92 461 67 67 67 127 127 127 127 447 447 447 447 447 447 447 447 447 447 447 447 447 447 -1 -1 -1 -1 -1 -1 -1 -1 -1 -1 447 -1 447 447 447 447 447 447 447 447 447 447 447 447 447 447 447 447 447 447 447 447 447 447 447 447 447 447 447 447 447 447 447 447 447 447 447 447 447 447 447 447 447 447 447 447 447 447
454 454 454 454 454 454 454 454 454 454 183 183 183 183 183 461 91 67 67 67 127 127 127 127 447 447 447 447 447 447 447 447 447 447 447 447 447 447 -1 -1 -1 -1 -1 -1 -1 -1 -1 -1 -1 447 447 447 447 447 447 447 447 447 447 447 447 447 447 447 447 447 447 447 447 447 447 447 447 447 447 447 447 447 447 447 447 447 447 447 447 447 447 447 447 447 447 447 447 447 447 447
454 454 454 454 454 454 454 454 236 236 236 236 473 473 66 66 -1 65 65 65 127 127 127 127 447 447 447 156 447 447 447 447 447 447 447 447 447 447 -1 -1 -1 -1 -1 -1 -1 -1 -1 -1 -1 -1 447 447 447 447 447 447 447 447 447 447 447 447 447 447 447 447 447 447 447 447 447 447 447 447 447 447 447 447 447 447 447 447 447 447 447 447 447 447 447 447 447 447 447 447 447 447
454 454 454 454 454 454 454 454 236 236 236 236 143 473 66 66 66 -1 65 65 89 89 480 237 447 447 155 155 447 447 447 447 447 447 447 447 447 447 -1 -1 -1 -1 -1 -1 -1 -1 -1 -1 447 447 447 447 447 447 447 447 447 447 447 447 447 447 447 447 447 447 447 447 447 447 447 447 447 447 447 447 447 447 447 447 447 447 447 447 447 447 447 447 447 447 447 447 447 447 447 447
454 454 454 454 454 454 454 454 236 236 236 236 143 70 70 61 61 -1 65 65 89 89 480 237 447 447 155 155 447 447 447 447 447 447 447 447 447 447 -1 -1 -1 -1 -1 -1 -1 -1 -1 -1 447 447 447 447 447 447 447 447 447 447 447 447 447 447 447 447 447 447 447 447 447 447 447 447 447 447 447 447 447 447 447 447 447 447 447 447 447 447 447 447 447 447 447 447 447 447 447 447
454 454 454 454 454 454 454 454 454 454 454 454 143 143 61 61 61 -1 537 154 -1 -1 -1 -1 -1 -1 -1 -1 447 447 447 447 447 447 447 447 447 447 -1 -1 -1 -1 -1 -1 -1 -1 -1 -1 447 447 447 447 447 447 447 447 447 447 447 447 447 447 447 447 447 447 447 447 447 447 447 447 447 447 447 447 447 447 447 447 447 447 447 447 447 447 447 447 447 447 447 447 447 447 447 447
454 454 454 454 454 454 454 454 454 454 454 142 142 90 90 493 6 6 -1 154 -1 -1 -1 -1 -1 -1 -1 447 447 447 447 447 447 447 447 447 447 447 -1 -1 -1 -1 -1 -1 -1 -1 -1 -1 447 447 447 447 447 447 447 447 447 447 447 447 447 447 447 447 447 447 447 447 447 447 447 447 447 447 447 447 447 447 447 447 447 447 447 447 447 447 447 447 447 447 447 447 447 447 447 447
454 454 454 454 454 454 454 454 454 454 454 142 142 122 122 122 6 6 -1 19 -1 -1 -1 -1 -1 -1 -1 447 447 447 447 447 447 447 447 447 447 447 -1 -1 -1 -1 -1 -1 -1 -1 -1 -1 447 447 447 447 447 447 447 447 447 447 447 447 447 447 447 447 447 447 447 447 447 447 447 447 447 447 447 447 447 447 447 447 447 447 447 447 447 447 447 447 447 447 447 447 447 447 447 447
454 454 454 454 454 454 454 454 454 454 454 142 142 122 122 122 18 18 18 471 -1 -1 -1 -1 -1 -1 -1 447 447 447 447 447 447 447 447 447 447 447 -1 -1 -1 -1 -1 -1 -1 -1 -1 -1 447 447 447 447 447 447 447 447 447 447 447 447 447 447 447 447 447 447 447 447 447 447 447 447 447 447 447 447 447 447 447 447 447 447 447 447 447 447 447 447 447 447 447 447 447 447 447 447
454 454 454 454 454 454 454 454 454 454 454 454 454 122 122 122 546 18 18 471 471 -1 -1 -1 -1 -1 -1 447 447 447 447 447 447 447 447 447 447 447 447 447 447 447 447 447 447 447 447 447 447 447 447 447 447 447 447 447 447 447 447 447 447 447 447 447 447 447 447 447 447 447 447 447 447 447 447 447 447 447 447 447 447 447 447 447 447 447 447 447 447 447 447 447 447 447 447 447
454 454 454 454 454 454 454 454 454 454 454 454 454 454 281 281 20 20 20 20 471 -1 -1 -1 -1 -1 -1 447 447 447 447 447 447 447 447 447 447 447 447 447 447 447 447 447 447 447 447 447 447 447 447 447 447 447 447 447 447 447 447 447 447 447 447 447 447 447 447 447 447 447 447 447 447 447 447 447 447 447 447 447 447 447 447 447 447 447 447 447 447 447 447 447 447 447 447 447
454 454 454 454 454 454 454 454 454 454 454 454 454 454 281 281 20 20 20 20 471 -1 -1 -1 -1 -1 -1 447 447 447 447 447 447 447 447 447 447 447 447 447 447 447 447 447 447 447 447 447 447 447 447 447 447 447 447 447 447 447 447 447 447 447 447 447 447 447 447 447 447 447 447 447 447 447 447 447 447 447 447 447 447 447 447 447 447 447 447 447 447 447 447 447 447 447 447 447
454 454 454 454 454 454 454 454 454 454 454 454 454 454 454 454 454 280 20 20 293 447 447 447 447 447 447 447 447 447 447 447 447 447 447 447 447 447 447 447 447 447 447 447 447 447 447 447 447 447 447 447 447 447 447 447 447 447 447 447 447 447 447 447 447 447 447 447 447 447 447 447 447 447 447 447 447 447 447 447 447 447 447 447 447 447 447 447 447 447 447 447 447 447 447 447
454 454 454 454 454 454 454 454 454 454 454 454 454 454 454 454 454 280 280 280 293 447 447 447 447 447 447 447 447 447 447 447 447 447 447 447 447 447 447 447 447 447 447 447 447 447 447 447 447 447 447 447 447 447 447 447 447 447 447 447 447 447 447 447 447 447 447 447 447 447 447 447 447 447 447 447 447 447 447 447 447 447 447 447 447 447 447 447 447 447 447 447 447 447 447 447
454 454 454 454 454 454 454 454 454 454 454 454 454 454 454 454 454 280 280 280 454 454 454 447 447 447 447 447 447 447 447 447 447 447 447 447 447 447 447 447 447 447 447 447 447 447 447 447 447 447 447 447 447 447 447 447 447 447 447 447 447 447 447 447 447 447 447 447 447 447 -1 447 447 447 447 447 447 447 447 447 447 447 447 447 447 447 447 447 447 447 447 447 447 447 447 447
454 454 454 454 454 454 454 454 454 454 454 454 454 454 454 454 454 280 280 280 280 454 454 454 447 447 447 447 447 447 447 447 447 447 447 447 447 447 447 447 447 447 447 447 447 447 447 447 447 447 447 447 447 447 447 447 447 447 447 447 447 447 447 447 447 447 447 447 447 447 -1 -1 -1 -1 447 447 447 447 447 447 447 447 447 447 447 447 447 447 447 447 447 447 447 447 447 447
454 454 454 454 454 454 454 454 454 454 454 454 454 454 454 454 454 454 454 454 454 454 454 454 447 447 447 447 447 447 447 447 447 447 447 447 447 447 447 447 447 447 447 447 447 447 447 447 447 447 447 447 447 447 447 447 447 447 447 447 447 447 447 447 447 447 447 447 447 447 -1 -1 -1 -1 447 447 447 447 447 447 447 447 447 447 447 447 447 447 447 447 447 447 447 447 447 447
454 454 454 454 454 454 454 454 454 454 454 454 454 454 454 454 454 454 454 454 454 454 454 454 447 447 447 447 447 447 447 447 447 447 447 447 447 447 447 447 447 447 447 447 447 447 447 447 447 447 447 447 447 447 447 447 447 447 447 447 447 447 447 447 447 447 447 447 447 447 -1 -1 -1 -1 447 447 447 447 447 447 447 447 447 447 447 447 447 447 447 447 447 447 447 447 447 447
454 454 454 454 454 454 454 454 454 454 454 454 454 454 454 454 454 388 388 388 454 454 454 454 447 447 447 447 447 447 447 447 393 447 447 447 447 447 447 447 447 447 447 447 447 447 447 447 447 447 447 447 447 447 447 447 447 447 447 447 447 447 -1 -1 -1 -1 -1 -1 -1 -1 -1 -1 -1 -1 447 -1 447 447 447 447 447 447 447 447 447 447 447 447 447 447 447 447 447 447 447 447
454 454 454 454 454 454 454 397 397 397 454 346 346 292 292 454 454 388 388 388 454 454 454 447 447 447 447 447 447 447 447 447 393 447 447 447 447 447 447 447 447 447 447 447 447 254 254 447 447 447 447 447 447 447 447 447 447 447 447 400 400 400 -1 -1 -1 -1 -1 -1 -1 -1 -1 -1 -1 447 -1 -1 447 447 447 447 447 447 447 447 447 447 447 447 447 447 447 447 447 447 447 447
454 454 454 454 454 454 454 397 397 397 346 346 346 292 292 178 451 388 388 388 454 454 454 454 447 447 447 447 289 447 447 447 393 447 447 447 337 447 447 447 447 447 447 447 447 254 254 447 447 447 447 447 447 447 447 447 447 447 447 400 400 400 -1 -1 -1 -1 -1 -1 -1 -1 -1 -1 -1 447 -1 -1 447 447 447 447 447 447 447 447 447 447 447 447 447 447 447 447 447 447 447 447
454 454 454 454 454 454 454 397 397 397 125 125 451 451 451 178 451 388 388 388 267 267 499 499 447 447 447 447 289 447 447 447 393 337 447 337 337 447 447 447 447 447 447 447 447 254 447 447 447 447 447 447 447 447 447 447 447 447 447 400 400 400 -1 -1 -1 -1 -1 -1 -1 -1 -1 -1 447 -1 -1 -1 447 447 447 447 447 447 447 447 447 447 447 447 447 447 447 447 447 447 447 447
454 454 454 454 454 454 454 397 397 397 125 125 451 124 124 178 178 518 167 167 499 499 499 499 323 447 323 323 289 447 69 447 511 511 337 337 337 447 447 447 447 -1 -1 -1 -1 -1 -1 -1 -1 447 447 447 180 180 180 447 447 447 447 400 400 400 -1 -1 -1 -1 -1 -1 -1 -1 -1 447 -1 -1 -1 -1 447 447 447 447 447 447 447 447 447 447 447 447 447 447 447 447 447 447 447 447
454 454 454 454 454 454 454 432 432 432 125 125 125 124 124 124 166 167 518 518 267 386 386 323 323 323 447 323 447 447 447 69 393 393 511 97 97 97 97 447 447 -1 -1 -1 -1 -1 -1 -1 -1 447 447 447 180 180 120 120 120 120 133 457 457 457 -1 -1 -1 -1 -1 -1 -1 -1 -1 447 -1 -1 -1 -1 447 447 447 447 447 447 447 447 447 447 447 447 447 447 447 447 447 447 447 447
454 454 454 454 454 454 454 432 432 432 125 125 125 124 124 124 167 518 167 167 386 386 386 323 323 323 323 447 289 69 69 69 571 99 99 97 97 97 97 -1 -1 -1 -1 -1 -1 -1 -1 -1 -1 447 447 447 180 180 120 120 120 120 133 457 457 457 -1 -1 -1 -1 -1 -1 -1 -1 447 -1 -1 -1 -1 -1 447 447 447 447 447 447 447 447 447 447 447 447 447 447 447 447 447 447 447 447
454 454 454 454 454 454 454 454 270 270 123 123 123 123 123 -1 -1 48 176 176 177 177 447 447 447 447 288 447 289 289 10 10 68 99 544 97 97 97 97 -1 -1 -1 -1 -1 -1 -1 -1 -1 -1 447 447 447 180 180 120 120 120 120 117 117 457 457 -1 -1 -1 -1 -1 -1 -1 -1 -1 447 -1 -1 -1 -1 447 447 447 447 447 447 447 447 447 447 447 447 447 447 447 447 447 447 447 447
454 454 454 454 454 454 454 454 270 270 560 123 123 123 -1 47 48 48 176 518 177 177 447 447 288 288 288 460 460 10 10 10 68 68 68 97 97 97 97 -1 -1 -1 -1 -1 -1 -1 -1 -1 -1 -1 447 447 447 447 447 118 120 120 117 117 457 316 -1 -1 -1 -1 -1 -1 -1 -1 -1 -1 447 -1 -1 -1 447 447 447 447 447 447 447 447 447 447 447 447 447 447 447 447 447 447 447 447
454 454 454 454 454 454 454 270 270 478 478 13 123 -1 44 44 44 44 49 387 387 387 445 279 288 288 288 173 173 -1 10 10 68 68 68 97 97 97 97 -1 -1 -1 -1 -1 -1 -1 -1 -1 -1 -1 447 447 146 146 146 118 116 116 116 115 115 107 -1 -1 -1 -1 -1 -1 -1 -1 -1 505 -1 -1 -1 -1 447 447 447 447 447 447 447 447 447 447 447 447 447 447 447 447 447 447 447 447
454 454 454 454 454 454 454 198 478 478 13 -1 -1 565 44 44 44 44 49 49 387 387 445 279 279 279 559 11 11 554 -1 569 8 8 563 82 82 498 498 -1 -1 -1 -1 -1 -1 -1 -1 -1 -1 -1 447 447 146 447 447 118 488 -1 116 -1 115 107 -1 -1 -1 474 -1 -1 -1 -1 505 -1 -1 -1 -1 447 447 447 447 447 447 447 447 447 447 447 447 447 447 447 447 447 447 447 447 447
454 454 454 454 454 454 198 478 198 197 13 14 14 14 44 44 44 44 49 49 387 387 445 279 279 279 559 11 11 11 533 -1 484 484 7 7 7 498 498 -1 -1 448 -1 448 448 -1 -1 448 -1 -1 447 447 447 146 146 488 118 118 -1 119 -1 -1 -1 -1 474 -1 474 -1 -1 505 -1 -1 -1 -1 -1 447 447 447 447 447 447 447 447 447 447 447 447 447 447 447 447 447 447 447 447 447
454 454 454 454 454 454 454 198 198 197 365 14 14 14 44 44 44 44 401 401 387 387 446 268 268 172 172 172 9 9 9 255 -1 -1 7 7 7 7 81 448 448 81 448 253 448 448 448 448 448 448 448 448 146 146 146 488 106 106 131 131 42 42 474 474 -1 -1 -1 505 505 -1 -1 -1 -1 -1 -1 447 447 447 447 447 447 447 447 447 447 447 447 447 447 447 447 447 447 447 447 447
454 454 454 454 454 454 454 198 198 365 365 14 14 14 465 465 308 307 401 401 446 446 446 268 269 172 172 172 9 9 9 255 255 -1 7 7 7 498 498 81 81 81 448 448 448 448 448 448 448 448 448 351 351 351 488 488 106 106 131 131 42 42 42 42 350 474 360 360 505 360 360 360 447 447 447 447 447 447 447 447 447 447 447 447 447 447 447 447 447 195 195 447 447 447 447 447
454 454 454 454 454 454 454 454 365 365 365 168 168 168 355 308 308 401 401 401 269 269 269 269 269 73 73 73 -1 -1 -1 -1 -1 -1 484 484 484 81 81 81 81 81 448 448 448 448 448 448 448 448 448 351 351 351 348 488 348 106 131 131 42 42 132 215 215 215 360 360 505 360 360 505 241 241 447 447 447 447 447 447 447 447 447 447 447 447 447 447 447 195 195 147 147 147 147 447
454 454 454 454 454 454 454 454 454 398 398 168 168 168 355 355 355 401 401 315 315 315 315 315 523 73 73 73 -1 -1 -1 -1 -1 -1 484 -1 -1 81 81 81 81 448 448 448 448 448 448 448 448 448 351 351 351 351 448 348 424 424 131 131 42 42 132 215 215 215 360 360 505 360 360 505 241 241 447 447 447 447 447 447 447 447 447 447 447 447 447 447 195 195 195 147 147 147 543 196
454 454 454 454 454 454 454 454 454 398 398 168 168 168 355 355 234 234 401 315 315 315 315 315 523 73 73 73 -1 -1 -1 -1 -1 484 -1 -1 -1 83 83 448 448 448 448 448 448 448 448 448 448 448 351 351 351 351 448 448 424 217 217 217 556 216 216 215 215 215 360 360 505 360 37 505 241 447 447 447 447 447 447 447 447 447 447 447 447 447 447 304 304 304 549 147 5 5 5 196
454 454 454 454 454 454 454 454 454 454 454 454 454 454 454 454 234 234 401 315 315 315 315 315 523 252 252 252 -1 -1 462 462 462 -1 -1 -1 -1 83 83 98 98 98 448 448 448 448 448 448 448 448 448 448 448 448 448 448 424 217 217 217 556 216 216 215 215 215 470 210 470 100 37 37 37 189 189 189 477 477 447 447 447 447 447 447 405 405 405 304 304 185 185 185 5 5 5 526
454 454 454 454 454 454 454 454 454 341 341 454 454 454 454 454 234 234 530 315 315 200 200 200 200 252 252 252 -1 462 -1 -1 -1 -1 -1 -1 -1 229 229 98 98 98 448 448 448 448 448 448 448 448 448 448 448 448 448 448 424 217 217 217 385 385 385 411 411 278 210 210 470 100 37 37 37 189 189 189 434 477 434 434 434 434 447 447 405 405 405 304 185 185 185 185 5 5 5 64
454 454 454 454 454 454 454 454 454 341 341 340 339 339 339 454 454 338 233 233 233 200 200 200 200 252 252 462 462 -1 -1 -1 -1 -1 -1 -1 -1 229 229 98 98 98 448 448 448 448 448 448 448 448 448 448 448 448 448 448 424 448 385 385 385 385 385 411 411 278 210 210 210 470 12 12 189 189 189 189 434 447 240 447 447 447 447 447 405 405 405 405 211 539 211 -1 -1 -1 64 64
454 454 454 454 454 454 422 422 454 454 340 340 339 339 339 454 338 338 232 232 516 200 200 200 200 252 252 462 -1 -1 -1 -1 -1 -1 -1 -1 -1 229 229 98 98 98 448 448 448 448 448 448 448 448 448 448 448 448 448 448 448 448 448 385 385 385 385 412 412 412 210 210 210 -1 12 12 189 189 189 189 240 447 240 447 447 447 447 447 447 447 494 403 494 211 539 157 157 4 -1 -1
454 454 454 454 454 454 422 422 422 410 410 410 501 501 501 377 377 377 232 232 516 200 200 200 200 251 251 462 -1 -1 -1 -1 -1 -1 -1 -1 -1 229 319 319 319 448 448 448 448 448 448 448 448 448 448 448 448 448 448 448 448 448 448 385 385 385 385 412 412 412 437 23 23 23 -1 12 101 101 101 101 447 240 240 370 370 370 370 447 447 494 494 494 211 211 157 157 157 4 4 4
454 454 454 454 454 454 454 454 410 410 410 410 165 165 165 165 165 165 232 232 43 43 43 43 251 251 251 462 -1 -1 -1 -1 -1 -1 -1 -1 -1 319 319 319 319 448 448 448 448 448 448 448 448 448 448 448 448 448 448 448 448 448 448 448 448 448 448 412 412 412 437 437 23 23 -1 12 101 24 24 240 240 447 240 370 370 450 450 450 450 403 403 403 403 539 222 222 157 4 4 181
